2  0.000316
3  0.000743
4  0.000941
5  0.002493
6  0.002614
7  0.002376
8  0.003680
9  0.003360
10  0.005380
11  0.005685
12  0.006817
13  0.007042
14  0.008359
15  0.009746
16  0.011493
17  0.014675
18  0.014589
19  0.016803
20  0.018104
21  0.019271
22  0.022063
23  0.022615
24  0.025785
25  0.025225
26  0.035556
27  0.031451
28  0.033626
29  0.034698
30  0.038539
31  0.043861
32  0.046466
33  0.046069
34  0.049124
35  0.056497
36  0.056647
37  0.059275
38  0.063161
39  0.064631
40  0.070694
41  0.081959
42  0.075821
43  0.081738
44  0.087349
45  0.097705
46  0.089183
47  0.090511
48  0.097432
49  0.109727
50  0.107011
51  0.116934
52  0.125387
53  0.121173
54  0.128716
55  0.128164
56  0.133539
57  0.135002
58  0.149989
59  0.148511
60  0.157125
61  0.166326
62  0.175082
63  0.172356
64  0.179896
65  0.188930
66  0.198121
67  0.192819
68  0.190488
69  0.156828
70  0.158820
71  0.167643
72  0.167347
73  0.176963
74  0.175288
75  0.181343
76  0.189255
77  0.190333
78  0.202227
79  0.201267
80  0.210553
81  0.209525
82  0.220195
83  0.220045
84  0.227019
85  0.235632
86  0.236837
87  0.243921
88  0.252150
89  0.251646
90  0.263637
91  0.272400
92  0.278195
93  0.279592
94  0.291496
95  0.289535
96  0.298099
97  0.305719
98  0.318030
99  0.312576
100  0.319381
101  0.329136
102  0.341121
103  0.337965
104  0.349466
105  0.361084
106  0.365041
107  0.372920
108  0.378060
109  0.383007
110  0.392800
111  0.399411
112  0.409933
113  0.431769
114  0.421638
115  0.426695
116  0.437181
117  0.434009
118  0.440938
119  0.422739
120  0.421373
121  0.411544
122  0.424950
123  0.412158
124  0.431563
125  0.438347
126  0.449194
127  0.466389
128  0.467178
129  0.455016
130  0.472754
131  0.471818
132  0.496677
133  0.499159
134  0.505368
135  0.525050
136  0.519682
137  0.532627
138  0.535309
139  0.548768
140  0.536447
141  0.561190
142  0.547994
143  0.557812
144  0.575727
145  0.563099
146  0.583039
147  0.620486
148  0.613241
149  0.626797
150  0.624303
151  0.623686
152  0.643282
153  0.656463
154  0.667193
155  0.668085
156  0.681239
157  0.699964
158  0.699297
159  0.698216
160  0.718005
161  0.718235
162  0.734655
163  0.751396
164  0.755462
165  0.743849
166  0.768757
167  0.781366
168  0.784203
169  0.807968
170  0.821828
171  0.817111
172  0.824487
173  0.843060
174  0.849928
175  0.859889
176  0.869357
177  0.886916
178  0.872744
179  0.909248
180  0.929426
181  0.926543
182  0.923961
183  0.944471
184  0.944078
185  0.947443
186  0.954439
187  0.963329
188  0.976254
189  0.997889
190  0.999938
191  1.018547
192  1.058014
193  1.026700
194  1.021667
195  1.065870
196  1.066512
197  1.103610
198  1.103484
199  1.073844
200  1.114129
201  1.133204
202  1.162199
203  1.196489
204  1.183426
205  1.192937
206  1.168120
207  1.188820
208  1.210698
209  1.226225
210  1.196937
211  1.256255
212  1.276480
213  1.240536
214  1.278598
215  1.296242
216  1.294284
217  1.309586
218  1.320684
219  1.294277
220  1.358644
221  1.399801
222  1.357409
223  1.399408
224  1.403108
225  1.440145
226  1.415086
227  1.468793
228  1.474450
229  1.494416
230  1.438171
231  1.503920
232  1.517479
233  1.541244
234  1.519900
235  1.530018
236  1.544923
237  1.550507
238  1.612252
239  1.611548
240  1.647655
241  1.635710
242  1.620554
243  1.647274
244  1.676429
245  1.681918
246  1.715795
247  1.706733
248  1.718350
249  1.747830
250  1.742087
