2  0.001481
3  0.001879
4  0.002367
5  0.001763
6  0.002229
7  0.002694
8  0.003519
9  0.004217
10  0.006966
11  0.012478
12  0.009406
13  0.011552
14  0.012847
15  0.015518
16  0.015593
17  0.018410
18  0.023940
19  0.019363
20  0.022801
21  0.023978
22  0.032935
23  0.034709
24  0.034368
25  0.042770
26  0.045053
27  0.045110
28  0.054950
29  0.056895
30  0.059273
31  0.057825
32  0.067119
33  0.078855
34  0.070033
35  0.081946
36  0.083071
37  0.093544
38  0.094871
39  0.106031
40  0.096598
41  0.103158
42  0.117100
43  0.119212
44  0.124355
45  0.134038
46  0.143789
47  0.142658
48  0.160445
49  0.152010
50  0.161549
51  0.161861
52  0.170281
53  0.189997
54  0.191629
55  0.192083
56  0.199708
57  0.170221
58  0.173103
59  0.172089
60  0.182795
61  0.199152
62  0.191497
63  0.205535
64  0.202378
65  0.213253
66  0.209997
67  0.226924
68  0.231131
69  0.239624
70  0.242733
71  0.243717
72  0.256735
73  0.271088
74  0.273974
75  0.282293
76  0.293310
77  0.297262
78  0.297832
79  0.315672
80  0.322207
81  0.318881
82  0.336580
83  0.341808
84  0.354381
85  0.363833
86  0.376921
87  0.370574
88  0.382310
89  0.392563
90  0.404082
91  0.408464
92  0.418406
93  0.424527
94  0.433271
95  0.450419
96  0.451411
97  0.468099
98  0.481207
99  0.485208
100  0.503931
101  0.489242
102  0.504526
103  0.528796
104  0.533385
105  0.548416
106  0.546737
107  0.572367
108  0.575273
109  0.612025
110  0.600323
111  0.605983
112  0.617203
113  0.637208
114  0.632442
115  0.656869
116  0.670473
117  0.668398
118  0.696061
119  0.707781
120  0.706867
121  0.714183
122  0.736118
123  0.742731
124  0.769540
125  0.760048
126  0.778458
127  0.803409
128  0.805228
129  0.813868
130  0.827425
131  0.827628
132  0.841316
133  0.862670
134  0.884515
135  0.902791
136  0.919790
137  0.914794
138  0.940225
139  0.945318
140  0.956066
141  0.992502
142  0.984469
143  1.008702
144  1.034500
145  1.032826
146  1.028704
147  1.051271
148  1.083139
149  1.094902
150  1.085049
151  1.110997
152  1.135815
153  1.137176
154  1.161698
155  1.172338
156  1.189891
157  1.207052
158  1.231078
159  1.245741
160  1.247573
161  1.266817
162  1.283301
163  1.303536
164  1.327675
165  1.353120
166  1.385947
167  1.450077
168  1.483253
169  1.441608
170  1.510605
171  1.507090
172  1.514427
173  1.579845
174  1.563088
175  1.549448
176  1.580319
177  1.581632
178  1.683667
179  1.586058
180  1.582046
181  1.597783
182  1.616281
183  1.635868
184  1.645561
185  1.678712
186  1.693935
187  1.698053
188  1.728582
189  1.733430
190  1.780603
191  1.793077
192  1.784692
193  1.815297
194  1.851812
195  1.854149
196  1.857253
197  1.875634
198  1.921035
199  1.920209
200  1.959402
201  1.958269
202  2.003035
203  2.015790
204  2.007606
205  2.031889
206  2.042923
207  2.098616
208  2.121556
209  2.117374
210  2.155235
211  2.152411
212  2.163939
213  2.193399
214  2.214749
215  2.237056
216  2.259861
217  2.312070
218  2.325889
219  2.352775
220  2.356167
221  2.397237
222  2.429020
223  2.416176
224  2.408566
225  2.496944
226  2.486199
227  2.534955
228  2.542885
229  2.563970
230  2.579247
231  2.609142
232  2.615139
233  2.618340
234  2.683446
235  2.701127
236  2.690642
237  2.714578
238  2.792431
239  2.792758
240  2.778130
241  2.820611
242  2.851723
243  2.858592
244  2.890558
245  2.918181
246  2.950167
247  2.981337
248  2.958292
249  3.012353
250  3.019488
251  3.026380
252  3.074924
253  3.080545
254  3.182442
255  3.199058
256  3.176120
257  3.191106
258  3.261632
259  3.236451
260  3.278921
261  3.314757
262  3.396743
263  3.393053
264  3.360160
265  3.355739
266  3.402525
267  3.455930
268  3.499884
269  3.517867
270  3.562604
271  3.555648
272  3.576920
273  3.593630
274  3.612244
275  3.661051
276  3.685071
277  3.733705
278  3.791913
279  3.797008
280  3.813108
281  3.813014
282  3.849457
283  3.896780
284  3.899746
285  3.934854
286  3.988289
287  4.021742
288  3.998495
289  4.041982
290  4.078776
291  4.088680
292  4.114386
293  4.111884
294  4.177801
295  4.248685
296  4.236429
297  4.263814
298  4.306728
299  4.286466
300  4.344869
301  4.374419
302  4.398424
303  4.490732
304  4.472802
305  4.482644
306  4.511167
307  4.549797
308  4.602694
309  4.669311
310  4.668874
311  4.714931
312  4.706007
313  4.739608
314  4.747088
315  4.806481
316  4.838543
317  4.861799
318  4.850655
319  4.957404
320  4.955457
321  4.940008
322  4.975605
323  5.022665
324  5.208201
325  5.223959
326  5.208835
327  5.279386
328  5.270647
329  5.299653
330  5.327414
331  5.320709
332  5.427537
333  5.487477
334  5.506754
335  5.465741
336  5.471332
337  5.492529
338  5.501520
339  5.526167
340  5.645083
341  5.647241
342  5.629043
343  5.704933
344  4.827898
345  4.581407
346  4.743772
347  4.954875
348  5.203671
349  5.301696
350  5.427099
351  5.536076
352  5.595574
353  5.684028
354  5.752396
355  5.849913
356  5.913280
357  5.965445
358  6.009803
359  6.077173
360  6.069427
361  6.129515
362  7.393468
363  7.264135
364  7.224924
365  7.111001
366  7.017662
367  6.984565
368  6.958750
369  6.918794
370  6.835948
371  6.878987
372  6.933378
373  6.897781
374  6.912893
375  6.930757
376  6.939354
377  7.007275
378  5.975000
379  5.578473
380  5.993849
381  6.210932
382  6.356510
383  6.548464
384  6.620073
385  6.794104
386  6.862739
387  6.967281
388  7.080928
389  7.085509
390  7.131626
391  7.157773
392  7.345085
393  8.063525
394  8.516664
395  8.314260
396  8.203394
397  8.130456
398  8.086432
399  7.997704
400  8.005131
