1000                7.175380
 999                8.767467
 998                6.961994
 997                8.260689
 996                5.678248
 995                8.350903
 994                7.001037
 993                8.180563
 992                4.536893
 991                8.119571
 990                6.859980
 989                8.222503
 988                5.515184
 987                8.115079
 986                6.741288
 985                7.822595
 984                4.444319
 983                7.823664
 982                6.648011
 981                8.004499
 980                5.348859
 979                7.955705
 978                6.806934
 977                7.738555
 976                4.388072
 975                7.711252
 974                6.529794
 973                7.806923
 972                5.204561
 971                7.620600
 970                6.373781
 969                7.523691
 968                4.363889
 967                7.380602
 966                6.322673
 965                7.596245
 964                5.174452
 963                7.507979
 962                6.288781
 961                7.248308
 960                4.070984
 959                7.237308
 958                6.223589
 957                7.368336
 956                5.078622
 955                7.263281
 954                6.251325
 953                7.015470
 952                4.056752
 951                7.074733
 950                6.078228
 949                7.181591
 948                4.774493
 947                7.063113
 946                5.945232
 945                6.784352
 944                3.934240
 943                6.892502
 942                5.881410
 941                6.993329
 940                4.655062
 939                6.830043
 938                5.911217
 937                6.678605
 936                3.795837
 935                6.705982
 934                5.779878
 933                6.760189
 932                4.597230
 931                6.635464
 930                5.666591
 929                6.400900
 928                3.658308
 927                6.506632
 926                5.616665
 925                6.614651
 924                4.468790
 923                6.511658
 922                5.572307
 921                6.315456
 920                3.607133
 919                6.309496
 918                5.461101
 917                6.365809
 916                4.280632
 915                6.248228
 914                5.310518
 913                6.024421
 912                3.532266
 911                6.089023
 910                5.397495
 909                6.156120
 908                4.199199
 907                6.137236
 906                5.196742
 905                5.884776
 904                3.473588
 903                5.916435
 902                5.096989
 901                5.906440
 900                4.135752
 899                5.996777
 898                5.099246
 897                6.437644
 896                3.134566
 895                5.757782
 894                5.047863
 893                5.808156
 892                3.997065
 891                5.752002
 890                4.895826
 889                5.559342
 888                3.283767
 887                5.564693
 886                4.888051
 885                5.668153
 884                3.817570
 883                5.444518
 882                4.683125
 881                5.271677
 880                3.139398
 879                5.274201
 878                4.619214
 877                5.325525
 876                3.687136
 875                5.311059
 874                4.545782
 873                5.131247
 872                3.030402
 871                5.107763
 870                4.495738
 869                5.153931
 868                3.659406
 867                5.102902
 866                4.417400
 865                4.963852
 864                2.950125
 863                5.031504
 862                4.408807
 861                4.961863
 860                3.482048
 859                4.871205
 858                4.232418
 857                4.726908
 856                2.883772
 855                4.789680
 854                4.119307
 853                4.822500
 852                3.391584
 851                4.717161
 850                4.103861
 849                4.567350
 848                2.814425
 847                4.599596
 846                4.082211
 845                4.642030
 844                3.314799
 843                4.614824
 842                4.039487
 841                4.516167
 840                2.776623
 839                4.504853
 838                3.946257
 837                4.587497
 836                3.227070
 835                4.512360
 834                3.884569
 833                4.360884
 832                2.624973
 831                4.422564
 830                3.841345
 829                4.433013
 828                3.176817
 827                4.530233
 826                3.810557
 825                4.231515
 824                2.602367
 823                4.217279
 822                3.669162
 821                4.271616
 820                2.995432
 819                4.232231
 818                3.652835
 817                4.036148
 816                2.503958
 815                4.003656
 814                3.603695
 813                4.064281
 812                2.901639
 811                4.005272
 810                3.555231
 809                3.870458
 808                2.408593
 807                3.840497
 806                3.430583
 805                3.864065
 804                2.790040
 803                3.775283
 802                3.325656
 801                3.693795
 800                2.323664
 799                3.643985
 798                3.268759
 797                3.678499
 796                2.687512
 795                3.558825
 794                3.183869
 793                3.465899
 792                2.266157
 791                3.464457
 790                3.084065
 789                3.539785
 788                2.583077
 787                3.457204
 786                2.955503
 785                3.051371
 784                2.220390
 783                3.338566
 782                3.003486
 781                3.400384
 780                2.484267
 779                3.309866
 778                2.882030
 777                2.834197
 776                2.109351
 775                2.816108
 774                2.664333
 773                3.104126
 772                2.386694
 771                3.006206
 770                2.702841
 769                2.946158
 768                1.679256
 767                2.923165
 766                2.749269
 765                2.998681
 764                2.275654
 763                2.946680
 762                2.610313
 761                2.862343
 760                1.969884
 759                2.851683
 758                2.557426
 757                2.805138
 756                2.147835
 755                2.747066
 754                2.475811
 753                2.669208
 752                1.897315
 751                2.659615
 750                2.402319
 749                2.660971
 748                2.075422
 747                2.629594
 746                2.355680
 745                2.539260
 744                1.803970
 743                2.483855
 742                2.288469
 741                2.495646
 740                1.968274
 739                2.342217
 738                2.221065
 737                2.372405
 736                1.753213
 735                2.387383
 734                2.147481
 733                2.324126
 732                1.885112
 731                2.313749
 730                2.102315
 729                2.267571
 728                1.686325
 727                2.315959
 726                2.113821
 725                2.331017
 724                1.842554
 723                2.192413
 722                2.585257
 721                2.744635
 720                1.711516
 719                2.389586
 718                2.077384
 717                2.003789
 716                1.709102
 715                1.977997
 714                1.820449
 713                1.904793
 712                1.563854
 711                1.828783
 710                1.811058
 709                1.851529
 708                1.627568
 707                2.183957
 706                1.941945
 705                2.136597
 704                1.500110
 703                1.934723
 702                1.820196
 701                2.109947
 700                1.625821
 699                1.979412
 698                1.794155
 697                1.872673
 696                1.448259
 695                1.850285
 694                1.716077
 693                1.743983
 692                1.492169
 691                1.900267
 690                1.618184
 689                1.625341
 688                1.409667
 687                1.833155
 686                1.624374
 685                1.784583
 684                1.484070
 683                1.561151
 682                1.461759
 681                1.580984
 680                1.302908
 679                1.463519
 678                1.470742
 677                1.489387
 676                1.348546
 675                1.512295
 674                1.414293
 673                1.430424
 672                1.241992
 671                1.462582
 670                1.368133
 669                1.430386
 668                1.272818
 667                1.423418
 666                1.342873
 665                1.363749
 664                1.173375
 663                1.391835
 662                1.283132
 661                1.314997
 660                1.210678
 659                1.310848
 658                1.320044
 657                1.385802
 656                1.140393
 655                1.421170
 654                1.292566
 653                1.348070
 652                1.188331
 651                1.379664
 650                1.237976
 649                1.281904
 648                1.090189
 647                1.306612
 646                1.158844
 645                1.111441
 644                1.051601
 643                1.303597
 642                1.081713
 641                1.223689
 640                0.966391
 639                1.113501
 638                1.057417
 637                1.181333
 636                1.042167
 635                1.180405
 634                1.139076
 633                1.160610
 632                0.941130
 631                1.010991
 630                1.096403
 629                1.155744
 628                0.999271
 627                1.087200
 626                1.056527
 625                1.110172
 624                0.931263
 623                1.063489
 622                1.008101
 621                1.039146
 620                0.946319
 619                1.076311
 618                0.976001
 617                1.003701
 616                0.865779
 615                1.036119
 614                0.971661
 613                0.981612
 612                0.882023
 611                0.976357
 610                0.944040
 609                0.983716
 608                0.826492
 607                0.931807
 606                0.922246
 605                0.995984
 604                0.858124
 603                0.941997
 602                0.882814
 601                0.921948
 600                0.796616
 599                0.933037
 598                0.873465
 597                0.810385
 596                0.762340
 595                0.794428
 594                0.829354
 593                0.846946
 592                0.757036
 591                0.840016
 590                0.815305
 589                0.840079
 588                0.766001
 587                0.850885
 586                0.787994
 585                0.812577
 584                0.726916
 583                0.797843
 582                0.767866
 581                0.780849
 580                0.746328
 579                0.812840
 578                0.767316
 577                0.775122
 576                0.692185
 575                0.772609
 574                0.750380
 573                0.748594
 572                0.696602
 571                0.757329
 570                0.712563
 569                0.741122
 568                0.659009
 567                0.765091
 566                0.711310
 565                0.739300
 564                0.676555
 563                0.708800
 562                0.696263
 561                0.708473
 560                0.637349
 559                0.688780
 558                0.679188
 557                0.677789
 556                0.632533
 555                0.683782
 554                0.678146
 553                0.681863
 552                0.607327
 551                0.682838
 550                0.662612
 549                0.679447
 548                0.618491
 547                0.660559
 546                0.629082
 545                0.672149
 544                0.582118
 543                0.654560
 542                0.625198
 541                0.647661
 540                0.588338
 539                0.634789
 538                0.622835
 537                0.623775
 536                0.555225
 535                0.633865
 534                0.593175
 533                0.611882
 532                0.566581
 531                0.598595
 530                0.578073
 529                0.590046
 528                0.542798
 527                0.580170
 526                0.568957
 525                0.592146
 524                0.540322
 523                0.592499
 522                0.563660
 521                0.575784
 520                0.516066
 519                0.570944
 518                0.547309
 517                0.547753
 516                0.500187
 515                0.545032
 514                0.506193
 513                0.511037
 512                0.551051
 511                0.499582
 510                0.505937
 509                0.497091
 508                0.460088
 507                0.497710
 506                0.466416
 505                0.489370
 504                0.450943
 503                0.475224
 502                0.478057
 501                0.474071
 500                0.465867
 499                0.463407
 498                0.459967
 497                0.469446
 496                0.430758
 495                0.460449
 494                0.442113
 493                0.457240
 492                0.423235
 491                0.439877
 490                0.436882
 489                0.474718
 488                0.411878
 487                0.449379
 486                0.459598
 485                0.449553
 484                0.408902
 483                0.441295
 482                0.425306
 481                0.427757
 480                0.393382
 479                0.425044
 478                0.426182
 477                0.441681
 476                0.403418
 475                0.445926
 474                0.408901
 473                0.396149
 472                0.368666
 471                0.392657
 470                0.377183
 469                0.399231
 468                0.448824
 467                0.446729
 466                0.390495
 465                0.505074
 464                0.366066
 463                0.397390
 462                0.382067
 461                0.391878
 460                0.349432
 459                0.379099
 458                0.362937
 457                0.363841
 456                0.354352
 455                0.374102
 454                0.361748
 453                0.435130
 452                0.538525
 451                0.669681
 450                0.568538
 449                0.363210
 448                0.332748
 447                0.356247
 446                0.338625
 445                0.352218
 444                0.328527
 443                0.346095
 442                0.357738
 441                0.339834
 440                0.326502
 439                0.369900
 438                0.335128
 437                0.332213
 436                0.306082
 435                0.318986
 434                0.318980
 433                0.335031
 432                0.289460
 431                0.317250
 430                0.303452
 429                0.301843
 428                0.287432
 427                0.300751
 426                0.303314
 425                0.303246
 424                0.282287
 423                0.305531
 422                0.285377
 421                0.296127
 420                0.283832
 419                0.286349
 418                0.285454
 417                0.289837
 416                0.268106
 415                0.298410
 414                0.276902
 413                0.285681
 412                0.262518
 411                0.283922
 410                0.274194
 409                0.272600
 408                0.246006
 407                0.274431
 406                0.280741
 405                0.271400
 404                0.246372
 403                0.259345
 402                0.268273
 401                0.253821
 400                0.238365
 399                0.248575
 398                0.250599
 397                0.261903
 396                0.236132
 395                0.256926
 394                0.235901
 393                0.239064
 392                0.225224
 391                0.235441
 390                0.232168
 389                0.244430
 388                0.218136
 387                0.229665
 386                0.238366
 385                0.224702
 384                0.214880
 383                0.226244
 382                0.223639
 381                0.236098
 380                0.215825
 379                0.220839
 378                0.205188
 377                0.216229
 376                0.195921
 375                0.209823
 374                0.195946
 373                0.204956
 372                0.191704
 371                0.207331
 370                0.202291
 369                0.196316
 368                0.181041
 367                0.192818
 366                0.192338
 365                0.204872
 364                0.189830
 363                0.196198
 362                0.181098
 361                0.190959
 360                0.174784
 359                0.187152
 358                0.181487
 357                0.176077
 356                0.168072
 355                0.174438
 354                0.172862
 353                0.166130
 352                0.157100
 351                0.177199
 350                0.178735
 349                0.165710
 348                0.156803
 347                0.161581
 346                0.152620
 345                0.158383
 344                0.147379
 343                0.154283
 342                0.152401
 341                0.162930
 340                0.152921
 339                0.164580
 338                0.149190
 337                0.157938
 336                0.146595
 335                0.159818
 334                0.142587
 333                0.149666
 332                0.144927
 331                0.159972
 330                0.139562
 329                0.143438
 328                0.140984
 327                0.152032
 326                0.139576
 325                0.144227
 324                0.127654
 323                0.161163
 322                0.129250
 321                0.141908
 320                0.133649
 319                0.137665
 318                0.136683
 317                0.132792
 316                0.125800
 315                0.141039
 314                0.124327
 313                0.122147
 312                0.113286
 311                0.123943
 310                0.129212
 309                0.118077
 308                0.119614
 307                0.120409
 306                0.122934
 305                0.121866
 304                0.111819
 303                0.107704
 302                0.106196
 301                0.106654
 300                0.105225
 299                0.107554
 298                0.107522
 297                0.108911
 296                0.102005
 295                0.120063
 294                0.098781
 293                0.108131
 292                0.094642
 291                0.099745
 290                0.096899
 289                0.109522
 288                0.089957
 287                0.105674
 286                0.096836
 285                0.096650
 284                0.088053
 283                0.105372
 282                0.094753
 281                0.092757
 280                0.082900
 279                0.095921
 278                0.083209
 277                0.106296
 276                0.090015
 275                0.081389
 274                0.089901
 273                0.078013
 272                0.074453
 271                0.073633
 270                0.079864
 269                0.074672
 268                0.080432
 267                0.080780
 266                0.075150
 265                0.073527
 264                0.070099
 263                0.070194
 262                0.067661
 261                0.073693
 260                0.064915
 259                0.067290
 258                0.080862
 257                0.066090
 256                0.078518
 255                0.063161
 254                0.069610
 253                0.080107
 252                0.069268
 251                0.067191
 250                0.071749
 249                0.058804
 248                0.061624
 247                0.075831
 246                0.059736
 245                0.059682
 244                0.075570
 243                0.055134
 242                0.062099
 241                0.058146
 240                0.068712
 239                0.055133
 238                0.057044
 237                0.051175
 236                0.049479
 235                0.052814
 234                0.054504
 233                0.048728
 232                0.055844
 231                0.052737
 230                0.057843
 229                0.046098
 228                0.043292
 227                0.044851
 226                0.044696
 225                0.050925
 224                0.042743
 223                0.045533
 222                0.040906
 221                0.039894
 220                0.038494
 219                0.041015
 218                0.037027
 217                0.040124
 216                0.035665
 215                0.039085
 214                0.034150
 213                0.047115
 212                0.039068
 211                0.044899
 210                0.031939
 209                0.035360
 208                0.040413
 207                0.034454
 206                0.033144
 205                0.033974
 204                0.033519
 203                0.033827
 202                0.033232
 201                0.029194
 200                0.034338
 199                0.039048
 198                0.026738
 197                0.030771
 196                0.036356
 195                0.027074
 194                0.033912
 193                0.030655
 192                0.026021
 191                0.027382
 190                0.026795
 189                0.027020
 188                0.025933
 187                0.039988
 186                0.025813
 185                0.027880
 184                0.021587
 183                0.030176
 182                0.029363
 181                0.032551
 180                0.027700
 179                0.025833
 178                0.019290
 177                0.021837
 176                0.021161
 175                0.018619
 174                0.017954
 173                0.020335
 172                0.019506
 171                0.028177
 170                0.030225
 169                0.018740
 168                0.023607
 167                0.020006
 166                0.022400
 165                0.023534
 164                0.017222
 163                0.017282
 162                0.016257
 161                0.019297
 160                0.015258
 159                0.021106
 158                0.015316
 157                0.013788
 156                0.014065
 155                0.014823
 154                0.014481
 153                0.013161
 152                0.018410
 151                0.013782
 150                0.013491
 149                0.012179
 148                0.011330
 147                0.012737
 146                0.016099
 145                0.011856
 144                0.011116
 143                0.010143
 142                0.010215
 141                0.011591
 140                0.011044
 139                0.010999
 138                0.014297
 137                0.008894
 136                0.010473
 135                0.013239
 134                0.011282
 133                0.009193
 132                0.013482
 131                0.007778
 130                0.007572
 129                0.008936
 128                0.008242
 127                0.008160
 126                0.008009
 125                0.009959
 124                0.009371
 123                0.006624
 122                0.006388
 121                0.007782
 120                0.006822
 119                0.006766
 118                0.006442
 117                0.006337
 116                0.006132
 115                0.006207
 114                0.011634
 113                0.005050
 112                0.004882
 111                0.005457
 110                0.005435
 109                0.005118
 108                0.004993
 107                0.004852
 106                0.004742
 105                0.004554
 104                0.011148
 103                0.005283
 102                0.003698
 101                0.006993
 100                0.004853
  99                0.003381
  98                0.003646
  97                0.003877
  96                0.003393
  95                0.003380
  94                0.003212
  93                0.003190
  92                0.003027
  91                0.003003
  90                0.002823
  89                0.002736
  88                0.002637
  87                0.002535
  86                0.002585
  85                0.002303
  84                0.002007
  83                0.001963
  82                0.001921
  81                0.003484
  80                0.004192
  79                0.002366
  78                0.001599
  77                0.001550
  76                0.001494
  75                0.001434
  74                0.001367
  73                0.001672
  72                0.001637
  71                0.001430
  70                0.001414
  69                0.001408
  68                0.001227
  67                0.001219
  66                0.001194
  65                0.001131
  64                0.001072
  63                0.001017
  62                0.000923
  61                0.000901
  60                0.000859
  59                0.000848
  58                0.000821
  57                0.000741
  56                0.000696
  55                0.000651
  54                0.000657
  53                0.000585
  52                0.000531
  51                0.000505
  50                0.000481
  49                0.000477
  48                0.000446
  47                0.000406
  46                0.000374
  45                0.000360
  44                0.000355
  43                0.000276
  42                0.000302
  41                0.000263
  40                0.000217
  39                0.000201
  38                0.000245
  37                0.000199
  36                0.000193
  35                0.000165
  34                0.000163
  33                0.000149
  32                0.000135
  31                0.000113
  30                0.000104
  29                0.000103
  28                0.000086
  27                0.000080
  26                0.000067
  25                0.000067
  24                0.000058
  23                0.000048
  22                0.000045
  21                0.000037
  20                0.000032
  19                0.000029
  18                0.000030
  17                0.000022
  16                0.000020
  15                0.000016
  14                0.000010
  13                0.000010
  12                0.000007
  11                0.000005
  10                0.000004
   9                0.000003
   8                0.000003
   7                0.000002
   6                0.000001
   5                0.000001
   4                0.000001
   3                0.000001
   2                0.000000
